[1.3228, 9.3426, -0.7112]
[1.4041, 9.3124, -0.7131]
[1.4850, 9.2915, -0.7149]
[1.5653, 9.2599, -0.7168]
[1.4052, 1.9516, -0.7128]
[1.4227, 1.9609, -0.7132]
[1.8050, 9.2009, -0.7223]
[1.8527, 8.6475, -0.7234]
[1.4698, 1.8982, -0.7142]
[1.8107, 6.1246, -0.7223]
[1.7942, 5.3033, -0.7219]
[1.8339, 5.2294, -0.7228]
[1.8753, 5.1851, -0.7237]
[1.9194, 5.1703, -0.7247]
[1.9645, 5.1651, -0.7258]
[2.0095, 5.1594, -0.7268]
[12.5795, 81.1375, -0.9735]
[1.6866, 2.3473, -0.7193]
[1.7055, 2.3343, -0.7197]
[1.7275, 2.3409, -0.7202]
[1.6157, 1.5788, -0.7176]
[1.6276, 1.5666, -0.7179]
[1.6450, 1.5836, -0.7183]
[1.6568, 1.5711, -0.7185]
[1.6376, 1.4117, -0.7181]
[1.6520, 1.4189, -0.7184]
[1.6643, 1.4161, -0.7187]
[1.6767, 1.4132, -0.7190]
[1.6865, 1.4005, -0.7192]
[1.7012, 1.4071, -0.7196]
[1.7135, 1.4039, -0.7198]
[1.7257, 1.4006, -0.7201]
[1.7406, 1.4068, -0.7205]
[1.7528, 1.4033, -0.7207]
[1.7650, 1.3996, -0.7210]
[1.7802, 1.4054, -0.7214]
[1.7985, 1.4206, -0.7218]
[1.8109, 1.4165, -0.7221]
[1.8847, 1.5921, -0.7238]
[3.3124, 5.6058, -0.7568]
[3.3680, 5.6071, -0.7581]
[2.1595, 2.2054, -0.7301]
[2.1145, 2.0300, -0.7291]
[2.1103, 1.9673, -0.7290]
[2.1050, 1.9048, -0.7289]
[2.1064, 1.8611, -0.7289]
[2.1148, 1.8359, -0.7291]
[2.1704, 1.9209, -0.7304]
[34.5020, 74.8959, -1.4777]
[35.1542, 74.6036, -1.4927]
[2.1109, 1.6627, -0.7290]
[2.1168, 1.6378, -0.7291]
[2.1180, 1.6040, -0.7292]
[2.1008, 1.5344, -0.7288]
[2.1368, 1.5723, -0.7296]
[2.1596, 1.5831, -0.7301]
[2.1593, 1.5494, -0.7301]
[2.1918, 1.5774, -0.7309]
[2.2055, 1.5699, -0.7312]
[2.2241, 1.5710, -0.7316]
[2.2427, 1.5719, -0.7320]
[2.2614, 1.5726, -0.7325]
[2.2751, 1.5645, -0.7328]
[2.2939, 1.5648, -0.7332]
[2.3180, 1.5734, -0.7338]
[2.3371, 1.5733, -0.7342]
[2.3507, 1.5645, -0.7345]
[2.3973, 1.6057, -0.7356]
[2.3945, 1.5716, -0.7355]
[2.4138, 1.5705, -0.7360]
[2.4503, 1.5939, -0.7368]
[2.4700, 1.5923, -0.7373]
[2.4779, 1.5743, -0.7374]
[2.4916, 1.5643, -0.7377]
[2.5232, 1.5782, -0.7385]
[2.5369, 1.5679, -0.7388]
[2.5812, 1.5968, -0.7398]
[2.6013, 1.5938, -0.7403]
[2.6151, 1.5827, -0.7406]
[2.6352, 1.5793, -0.7411]
[2.6617, 1.5832, -0.7417]
[2.6690, 1.5640, -0.7418]
[2.6695, 1.5373, -0.7418]
[2.6894, 1.5331, -0.7423]
[2.7161, 1.5362, -0.7429]
[2.7429, 1.5389, -0.7435]
[2.7698, 1.5412, -0.7442]
[2.7969, 1.5432, -0.7448]
[2.8242, 1.5449, -0.7454]
[2.8376, 1.5319, -0.7457]
[2.8720, 1.5400, -0.7465]
[2.8854, 1.5266, -0.7468]
[2.9273, 1.5409, -0.7478]
[2.9624, 1.5477, -0.7486]
[2.9685, 1.5266, -0.7487]
[2.9523, 1.4853, -0.7483]
[3.0394, 1.5382, -0.7504]
[62.5658, 54.3973, -2.1226]
[2.9830, 1.4360, -0.7491]
[3.0562, 1.4737, -0.7507]
[3.1072, 1.4909, -0.7519]
[3.0508, 1.4180, -0.7506]
[3.3423, 1.6302, -0.7573]
[3.3877, 1.6376, -0.7584]
[3.5199, 1.7122, -0.7614]
[3.6614, 1.7908, -0.7647]
[3.6052, 1.7162, -0.7634]
[3.6200, 1.6964, -0.7637]
[6.4938, 3.7627, -0.8300]
[3.3567, 1.4467, -0.7577]
[3.3528, 1.4175, -0.7576]
[3.3486, 1.3886, -0.7575]
[3.3606, 1.3710, -0.7577]
[3.3642, 1.3478, -0.7578]
[3.3591, 1.3191, -0.7577]
[3.3789, 1.3069, -0.7582]
[3.3818, 1.2837, -0.7582]
[3.4014, 1.2711, -0.7587]
[3.4038, 1.2479, -0.7587]
[3.3458, 1.1891, -0.7574]
[3.3301, 1.1565, -0.7570]
[3.3401, 1.1391, -0.7573]
[72.8846, 39.8529, -2.3595]
[6.3699, 2.7465, -0.8271]
[6.3584, 2.6837, -0.8268]
[6.3639, 2.6305, -0.8269]
[6.3510, 2.5684, -0.8266]
[6.3464, 2.5111, -0.8265]
[6.3502, 2.4585, -0.8266]
[6.3444, 2.4017, -0.8265]
[6.3470, 2.3495, -0.8265]
[6.3491, 2.2973, -0.8266]
[6.3324, 2.2372, -0.8262]
[6.3426, 2.1895, -0.8264]
[6.3431, 2.1379, -0.8264]
[6.3338, 2.0827, -0.8262]
[6.3333, 2.0315, -0.8262]
[6.3322, 1.9805, -0.8262]
[6.3306, 1.9296, -0.8261]
[6.3285, 1.8789, -0.8261]
[6.3259, 1.8285, -0.8260]
[6.3228, 1.7782, -0.8259]
[6.3192, 1.7281, -0.8258]
[6.3151, 1.6782, -0.8257]
[6.3105, 1.6285, -0.8256]
[6.3055, 1.5790, -0.8255]
[6.3095, 1.5326, -0.8256]
[6.3035, 1.4835, -0.8255]
[6.2970, 1.4346, -0.8253]
[6.2901, 1.3859, -0.8252]
[6.2923, 1.3400, -0.8252]
[2.6180, 0.3356, -0.7406]
[2.5530, 0.3074, -0.7391]
[2.4778, 0.2780, -0.7374]
[2.3828, 0.2453, -0.7352]
[2.3556, 0.2297, -0.7346]
[2.6704, 0.2880, -0.7418]
[2.6728, 0.2764, -0.7419]
[2.4005, 0.2108, -0.7356]
[2.2843, 0.1794, -0.7329]
[2.2760, 0.1694, -0.7327]
[2.2774, 0.1612, -0.7328]
[2.2689, 0.1515, -0.7326]
[2.2702, 0.1434, -0.7326]
[2.2614, 0.1338, -0.7324]
[2.2526, 0.1245, -0.7322]
[2.2537, 0.1165, -0.7322]
[2.2447, 0.1074, -0.7320]
[2.2555, 0.1006, -0.7323]
[2.2464, 0.0916, -0.7320]
[2.2372, 0.0828, -0.7318]
[2.2378, 0.0750, -0.7318]
[2.2384, 0.0671, -0.7319]
[2.2390, 0.0593, -0.7319]
[2.2394, 0.0515, -0.7319]
[2.2298, 0.0432, -0.7317]
[2.2302, 0.0354, -0.7317]
[2.2204, 0.0274, -0.7314]
[2.2206, 0.0197, -0.7314]
[2.2207, 0.0120, -0.7314]
[2.2208, 0.0043, -0.7314]
[2.2207, -0.0034, -0.7314]
[2.2207, -0.0110, -0.7314]
[2.2105, -0.0185, -0.7312]
[2.2203, -0.0264, -0.7314]
[2.2100, -0.0336, -0.7312]
[2.2097, -0.0412, -0.7312]
[2.2092, -0.0488, -0.7312]
[2.2088, -0.0564, -0.7312]
[2.2082, -0.0640, -0.7312]
[2.2076, -0.0715, -0.7311]
[2.2069, -0.0791, -0.7311]
[2.2062, -0.0866, -0.7311]
[2.2054, -0.0942, -0.7311]
[2.2144, -0.1029, -0.7313]
[2.2035, -0.1093, -0.7310]
[2.2025, -0.1168, -0.7310]
[2.2015, -0.1243, -0.7310]
[2.2102, -0.1334, -0.7312]
[2.2188, -0.1426, -0.7314]
[2.2175, -0.1502, -0.7314]
[2.2162, -0.1579, -0.7313]
[2.2246, -0.1674, -0.7315]
[2.2230, -0.1751, -0.7315]
[2.2117, -0.1807, -0.7312]
[2.2296, -0.1926, -0.7316]
[2.2278, -0.2004, -0.7316]
[2.2260, -0.2081, -0.7316]
[2.2242, -0.2158, -0.7315]
[2.2125, -0.2210, -0.7312]
[2.2106, -0.2286, -0.7312]
[2.2181, -0.2389, -0.7314]
[6.4468, -1.4511, -0.8286]
[2.2042, -0.2513, -0.7311]
[6.2389, -1.4848, -0.8239]
[6.2162, -1.5245, -0.8233]
[2.6539, -0.4213, -0.7414]
[2.6502, -0.4327, -0.7413]
[2.6463, -0.4441, -0.7412]
[2.6613, -0.4621, -0.7416]
[2.6477, -0.4702, -0.7413]
[2.6623, -0.4886, -0.7416]
[6.0392, -1.7908, -0.8192]
[6.1723, -1.8901, -0.8223]
[6.1741, -1.9397, -0.8223]
[5.9999, -1.9170, -0.8183]
[5.8448, -1.8993, -0.8148]
[6.1675, -2.0854, -0.8222]
[5.9023, -2.0181, -0.8161]
[5.9301, -2.0785, -0.8167]
[5.9480, -2.1353, -0.8171]
[5.7576, -2.0940, -0.8127]
[5.7391, -2.1325, -0.8123]
[5.7651, -2.1930, -0.8129]
[6.0935, -2.4079, -0.8205]
[5.7439, -2.2791, -0.8124]
[5.6354, -2.2707, -0.8099]
[5.5627, -2.2795, -0.8083]
[5.6564, -2.3791, -0.8104]
[6.0623, -2.6571, -0.8197]
[5.9089, -2.6235, -0.8162]
[6.0496, -2.7594, -0.8194]
[5.6479, -2.5745, -0.8102]
[5.8983, -2.7786, -0.8160]
[5.5683, -2.6281, -0.8084]
[5.4523, -2.6060, -0.8057]
[5.4294, -2.6418, -0.8052]
[5.5063, -2.7434, -0.8069]
[5.4656, -2.7685, -0.8060]
[5.3753, -2.7593, -0.8039]
[5.2772, -2.7429, -0.8017]
[5.2776, -2.7945, -0.8017]
[5.2692, -2.8405, -0.8015]
[5.2765, -2.8984, -0.8016]
[5.2670, -2.9446, -0.8014]
[5.2570, -2.9910, -0.8012]
[5.2623, -3.0496, -0.8013]
[5.2512, -3.0961, -0.8010]
[5.3485, -3.2306, -0.8033]
[6.0156, -3.8366, -0.8186]
[5.9359, -3.8387, -0.8168]
[5.8641, -3.8463, -0.8151]
[5.7699, -3.8333, -0.8130]
[4.8737, -3.1114, -0.7924]
[5.0102, -3.2891, -0.7955]
[4.9887, -3.3277, -0.7950]
[5.0401, -3.4343, -0.7962]
[5.0535, -3.5076, -0.7965]
[5.0732, -3.5884, -0.7969]
[5.2132, -3.7888, -0.8001]
[5.2508, -3.8930, -0.8010]
[5.2447, -3.9555, -0.8009]
[5.2588, -4.0396, -0.8012]
[5.2440, -4.0954, -0.8008]
[5.2286, -4.1512, -0.8005]
[5.2735, -4.2733, -0.8015]
[5.4774, -4.5745, -0.8062]
[5.4506, -4.6254, -0.8056]
[5.4166, -4.6686, -0.8048]
[5.3757, -4.7040, -0.8038]
[5.1734, -4.5479, -0.7992]
[5.0762, -4.5118, -0.7970]
[4.9989, -4.4977, -0.7952]
[4.9158, -4.4748, -0.7933]
[4.8581, -4.4822, -0.7919]
[4.7944, -4.4810, -0.7905]
[4.7552, -4.5110, -0.7896]
[4.7216, -4.5487, -0.7888]
[4.6936, -4.5942, -0.7881]
[4.6359, -4.5989, -0.7868]
[4.5784, -4.6029, -0.7855]
[4.5665, -4.6721, -0.7852]
[4.6096, -4.8243, -0.7862]
[4.9050, -5.3607, -0.7930]
[4.8362, -5.3581, -0.7914]
[4.7732, -5.3631, -0.7899]
[4.7050, -5.3590, -0.7884]
[4.6371, -5.3541, -0.7868]
[4.5696, -5.3484, -0.7853]
[4.5075, -5.3506, -0.7838]
[4.4356, -5.3347, -0.7822]
[4.3741, -5.3355, -0.7808]
[4.3128, -5.3355, -0.7794]
[4.2470, -5.3262, -0.7778]
[4.1862, -5.3249, -0.7764]
[4.1258, -5.3229, -0.7750]
[4.0610, -5.3114, -0.7736]
[4.0055, -5.3171, -0.7723]
[3.9458, -5.3132, -0.7709]
[3.8864, -5.3087, -0.7695]
[3.8315, -5.3126, -0.7683]
[3.7767, -5.3159, -0.7670]
[3.7179, -5.3096, -0.7657]
[3.6595, -5.3027, -0.7643]
[3.6013, -5.2951, -0.7630]
[3.5474, -5.2962, -0.7617]
[3.4935, -5.2967, -0.7605]
[3.4362, -5.2874, -0.7592]
[3.3827, -5.2868, -0.7580]
[3.3295, -5.2857, -0.7567]
[3.2764, -5.2841, -0.7555]
[3.2235, -5.2819, -0.7543]
[3.1675, -5.2698, -0.7530]
[3.1182, -5.2761, -0.7519]
[3.0628, -5.2629, -0.7506]
[3.0137, -5.2682, -0.7495]
[2.9618, -5.2635, -0.7483]
[2.9101, -5.2583, -0.7471]
[2.8614, -5.2621, -0.7460]
[2.8100, -5.2560, -0.7448]
[2.7588, -5.2493, -0.7436]
[2.7079, -5.2421, -0.7424]
[2.6597, -5.2441, -0.7413]
[2.6091, -5.2360, -0.7401]
[2.5589, -5.2274, -0.7390]
[2.5132, -5.2378, -0.7379]
[2.4653, -5.2381, -0.7368]
[2.4155, -5.2281, -0.7357]
[2.3487, -5.1293, -0.7342]
[2.2192, -4.6858, -0.7312]
[2.1765, -4.6835, -0.7302]
[2.1272, -4.6413, -0.7291]
[2.0835, -4.6282, -0.7281]
[2.0386, -4.6048, -0.7270]
[1.9955, -4.5910, -0.7261]
[1.9568, -4.6064, -0.7252]
[1.9153, -4.6017, -0.7242]
[1.8740, -4.5966, -0.7233]
[1.8317, -4.5812, -0.7223]
[1.7995, -4.6649, -0.7215]
[1.7641, -4.7285, -0.7207]
[1.7236, -4.7420, -0.7198]
[1.6836, -4.7651, -0.7189]
[1.6471, -4.8477, -0.7180]
[1.6102, -4.9501, -0.7172]
[1.5738, -5.1021, -0.7163]
[1.5296, -5.1139, -0.7153]
[1.4861, -5.1553, -0.7143]
[1.4409, -5.1464, -0.7133]
[1.3959, -5.1371, -0.7122]
[1.3510, -5.1274, -0.7112]
**************************************
