Data from laser

[1.4104, 9.4099, -0.7112]
[1.4914, 9.4089, -0.6971]
[1.5724, 9.4072, -0.6831]
[1.6534, 9.4048, -0.6690]
[1.7339, 9.3917, -0.6551]
[1.4391, 1.9376, -0.6967]
[1.8961, 9.3934, -0.6269]
[1.9269, 8.6498, -0.6206]
[1.4863, 1.8944, -0.6884]
[1.5035, 1.9030, -0.6854]
[1.9189, 6.1624, -0.6188]
[1.9669, 6.1073, -0.6104]
[2.0194, 6.1016, -0.6013]
[2.0696, 6.0755, -0.5926]
[2.1244, 6.0887, -0.5831]
[2.1795, 6.1013, -0.5735]
[2.2335, 6.1035, -0.5642]
[1.7034, 2.3315, -0.6513]
[1.7235, 2.3282, -0.6478]
[1.7283, 2.2360, -0.6469]
[1.6335, 1.6031, -0.6625]
[1.6398, 1.5612, -0.6614]
[1.6553, 1.5683, -0.6587]
[1.6688, 1.5654, -0.6563]
[1.6697, 1.5039, -0.6561]
[1.6584, 1.3937, -0.6579]
[1.6773, 1.4200, -0.6547]
[1.7157, 1.5237, -0.6481]
[21.4507, 79.3209, 2.6765]
[22.1320, 79.1399, 2.7950]
[1.7342, 1.4361, -0.6448]
[1.7439, 1.4230, -0.6431]
[24.1661, 78.5609, 3.1487]
[1.7713, 1.4252, -0.6384]
[1.7954, 1.4595, -0.6342]
[1.7959, 1.4174, -0.6341]
[1.8051, 1.4038, -0.6325]
[1.8108, 1.3807, -0.6315]
[1.8391, 1.4237, -0.6266]
[3.2855, 5.4338, -0.3808]
[3.3700, 5.5195, -0.3662]
[2.1716, 2.1946, -0.5699]
[2.1905, 2.1872, -0.5666]
[2.2204, 2.2074, -0.5614]
[2.2469, 2.2180, -0.5569]
[3.5788, 5.3600, -0.3298]
[3.6210, 5.3308, -0.3224]
[2.3201, 2.2297, -0.5442]
[2.3474, 2.2392, -0.5394]
[2.3543, 2.2030, -0.5382]
[2.3690, 2.1849, -0.5356]
[2.1164, 1.6091, -0.5787]
[2.1216, 1.5842, -0.5778]
[2.1397, 1.5862, -0.5747]
[2.1579, 1.5879, -0.5715]
[2.1624, 1.5630, -0.5707]
[2.0680, 1.3534, -0.5868]
[40.3795, 71.6881, 5.9706]
[2.4157, 1.9239, -0.5272]
[2.3979, 1.8536, -0.5302]
[42.2151, 70.6267, 6.2905]
[2.2221, 1.4829, -0.5602]
[2.2349, 1.4750, -0.5580]
[2.2164, 1.4161, -0.5611]
[2.2286, 1.4083, -0.5590]
[2.2408, 1.4004, -0.5569]
[2.2691, 1.4174, -0.5520]
[2.2814, 1.4092, -0.5498]
[2.2991, 1.4090, -0.5468]
[2.3113, 1.4005, -0.5446]
[2.3348, 1.4081, -0.5406]
[2.3469, 1.3993, -0.5385]
[2.3707, 1.4064, -0.5343]
[2.3888, 1.4052, -0.5312]
[2.3949, 1.3880, -0.5301]
[2.4190, 1.3944, -0.5259]
[2.4433, 1.4004, -0.5217]
[2.4739, 1.4140, -0.5164]
[2.4924, 1.4116, -0.5132]
[53.1398, 62.8136, 8.1961]
[53.6779, 62.3525, 8.2900]
[54.2120, 61.8867, 8.3833]
[54.7421, 61.4162, 8.4759]
[55.2681, 60.9410, 8.5677]
[55.7900, 60.4612, 8.6589]
[56.3078, 59.9767, 8.7494]
[56.8214, 59.4877, 8.8391]
[57.3307, 58.9942, 8.9281]
[2.6859, 1.3829, -0.4796]
[2.7187, 1.3922, -0.4739]
[2.7798, 1.4291, -0.4634]
[59.3251, 56.9755, 9.2767]
[59.8127, 56.4599, 9.3620]
[60.2959, 55.9399, 9.4465]
[60.7746, 55.4158, 9.5302]
[61.2488, 54.8874, 9.6132]
[61.7184, 54.3548, 9.6953]
[62.1834, 53.8181, 9.7767]
[62.6438, 53.2772, 9.8573]
[2.9545, 1.3681, -0.4330]
[3.3308, 1.6596, -0.3681]
[3.1768, 1.5032, -0.3946]
[3.2129, 1.5056, -0.3883]
[3.2336, 1.4951, -0.3847]
[3.2777, 1.5027, -0.3771]
[3.3220, 1.5096, -0.3694]
[3.3113, 1.4741, -0.3712]
[3.3240, 1.4566, -0.3690]
[3.2964, 1.4099, -0.3737]
[3.3005, 1.3868, -0.3730]
[3.3124, 1.3694, -0.3709]
[3.3079, 1.3407, -0.3716]
[3.3112, 1.3177, -0.3710]
[3.3143, 1.2947, -0.3705]
[3.3254, 1.2772, -0.3685]
[3.4533, 1.3339, -0.3464]
[3.4732, 1.3204, -0.3429]
[3.5014, 1.3118, -0.3380]
[3.4957, 1.2824, -0.3390]
[3.4897, 1.2533, -0.3400]
[6.3798, 2.8930, 0.1594]
[6.3701, 2.8288, 0.1578]
[6.3597, 2.7651, 0.1560]
[6.3659, 2.7111, 0.1572]
[6.3542, 2.6480, 0.1552]
[6.3505, 2.5898, 0.1547]
[6.3551, 2.5364, 0.1555]
[6.3414, 2.4743, 0.1532]
[6.3447, 2.4213, 0.1539]
[6.3476, 2.3684, 0.1545]
[6.3410, 2.3115, 0.1534]
[6.3337, 2.2549, 0.1522]
[6.3349, 2.2026, 0.1525]
[6.3356, 2.1504, 0.1527]
[6.3267, 2.0946, 0.1512]
[6.3264, 2.0428, 0.1512]
[6.3255, 1.9913, 0.1511]
[6.3241, 1.9398, 0.1509]
[6.3130, 1.8851, 0.1491]
[6.3198, 1.8376, 0.1503]
[6.3077, 1.7833, 0.1483]
[6.3043, 1.7327, 0.1478]
[6.3004, 1.6823, 0.1471]
[6.2960, 1.6322, 0.1464]
[6.3005, 1.5852, 0.1473]
[6.2858, 1.5324, 0.1448]
[6.2894, 1.4857, 0.1455]
[6.2831, 1.4363, 0.1445]
[6.2764, 1.3871, 0.1434]
[6.2692, 1.3381, 0.1422]
[6.2615, 1.2894, 0.1409]
[6.2725, 1.2457, 0.1429]
[6.2735, 1.1997, 0.1431]
[6.2741, 1.1537, 0.1433]
[6.2647, 1.1056, 0.1417]
[6.2548, 1.0577, 0.1400]
[6.2541, 1.0122, 0.1400]
[6.2530, 0.9667, 0.1398]
[6.2322, 0.9176, 0.1363]
[6.2303, 0.8725, 0.1360]
[6.2279, 0.8275, 0.1357]
[6.2252, 0.7826, 0.1353]
[6.2221, 0.7379, 0.1348]
[6.2088, 0.6918, 0.1325]
[6.2049, 0.6473, 0.1319]
[6.2103, 0.6042, 0.1329]
[6.2056, 0.5599, 0.1321]
[6.2005, 0.5158, 0.1313]
[6.1951, 0.4717, 0.1304]
[6.1990, 0.4287, 0.1312]
[6.1928, 0.3849, 0.1301]
[6.1861, 0.3412, 0.1290]
[6.1988, 0.2989, 0.1313]
[6.1816, 0.2548, 0.1284]
[6.1935, 0.2123, 0.1305]
[6.1755, 0.1686, 0.1274]
[6.1867, 0.1261, 0.1294]
[6.1778, 0.0830, 0.1279]
[6.1784, 0.0401, 0.1281]
[6.1688, -0.0027, 0.1265]
[6.1687, -0.0455, 0.1265]
[6.1485, -0.0879, 0.1231]
[6.2264, -0.1325, 0.1366]
[6.4221, -0.1824, 0.1707]
[6.4893, -0.2304, 0.1824]
[6.5364, -0.2785, 0.1906]
[6.5536, -0.3257, 0.1936]
[6.5507, -0.3719, 0.1932]
[6.5572, -0.4188, 0.1944]
[6.5240, -0.4624, 0.1887]
[6.5199, -0.5083, 0.1880]
[6.5056, -0.5531, 0.1856]
[6.5105, -0.5999, 0.1865]
[6.5248, -0.6481, 0.1891]
[6.5191, -0.6940, 0.1881]
[6.5130, -0.7398, 0.1871]
[6.5163, -0.7871, 0.1878]
[6.5094, -0.8329, 0.1866]
[6.5021, -0.8786, 0.1854]
[6.5041, -0.9260, 0.1858]
[6.4961, -0.9717, 0.1845]
[6.4973, -1.0193, 0.1848]
[6.4980, -1.0669, 0.1850]
[6.4984, -1.1146, 0.1851]
[6.4887, -1.1602, 0.1835]
[6.4786, -1.2058, 0.1818]
[6.4777, -1.2535, 0.1817]
[6.4955, -1.3062, 0.1848]
[6.4841, -1.3518, 0.1829]
[6.4819, -1.3999, 0.1826]
[6.4317, -1.4347, 0.1739]
[6.4098, -1.4770, 0.1702]
[6.4064, -1.5247, 0.1697]
[6.2990, -1.5404, 0.1510]
[6.1822, -1.5514, 0.1308]
[6.1687, -1.5942, 0.1285]
[6.1549, -1.6369, 0.1262]
[6.1594, -1.6859, 0.1270]
[6.1541, -1.7319, 0.1261]
[6.1483, -1.7779, 0.1252]
[6.1422, -1.8239, 0.1242]
[6.1448, -1.8735, 0.1247]
[6.1286, -1.9159, 0.1219]
[6.1394, -1.9695, 0.1239]
[6.1315, -2.0157, 0.1226]
[6.1322, -2.0659, 0.1228]
[6.1234, -2.1122, 0.1213]
[6.1231, -2.1626, 0.1213]
[6.1134, -2.2090, 0.1197]
[6.1122, -2.2596, 0.1195]
[6.1104, -2.3104, 0.1193]
[6.1082, -2.3613, 0.1190]
[6.1054, -2.4123, 0.1186]
[6.1109, -2.4680, 0.1196]
[6.0896, -2.5101, 0.1159]
[6.0940, -2.5662, 0.1168]
[6.0892, -2.6177, 0.1160]
[6.0838, -2.6693, 0.1151]
[6.0779, -2.7210, 0.1142]
[6.0715, -2.7729, 0.1131]
[6.0730, -2.8299, 0.1135]
[6.0740, -2.8871, 0.1137]
[6.0658, -2.9393, 0.1124]
[6.0656, -2.9969, 0.1124]
[6.0563, -3.0494, 0.1109]
[6.0548, -3.1073, 0.1107]
[6.0527, -3.1655, 0.1104]
[6.0417, -3.2183, 0.1085]
[6.0383, -3.2768, 0.1080]
[6.0262, -3.3297, 0.1060]
[5.6362, -3.1103, 0.0380]
[5.6652, -3.1893, 0.0432]
[5.5425, -3.1562, 0.0218]
[6.0036, -3.5657, 0.1024]
[5.8320, -3.4975, 0.0725]
[5.6309, -3.4020, 0.0375]
[5.5398, -3.3901, 0.0217]
[5.5336, -3.4461, 0.0207]
[5.5267, -3.5021, 0.0195]
[5.5267, -3.5647, 0.0196]
[5.5110, -3.6146, 0.0170]
[5.5394, -3.7038, 0.0220]
[5.5370, -3.7674, 0.0217]
[5.9737, -4.2319, 0.0980]
[5.9663, -4.2998, 0.0968]
[5.9581, -4.3678, 0.0955]
[5.9490, -4.4361, 0.0940]
[6.1308, -4.6917, 0.1259]
[6.1255, -4.7690, 0.1251]
[6.1193, -4.8465, 0.1241]
[6.1121, -4.9242, 0.1229]
[6.1039, -5.0022, 0.1216]
[6.1015, -5.0877, 0.1213]
[6.0913, -5.1662, 0.1196]
[6.0868, -5.2523, 0.1190]
[6.0811, -5.3386, 0.1181]
[6.0743, -5.4253, 0.1170]
[6.0729, -5.5198, 0.1169]
[6.0574, -5.5995, 0.1143]
[6.0535, -5.6946, 0.1138]
[6.0233, -5.7593, 0.1086]
[5.9178, -5.7307, 0.0902]
[4.9654, -4.6219, -0.0764]
[5.7640, -5.7401, 0.0636]
[5.6665, -5.7156, 0.0466]
[5.5935, -5.7218, 0.0340]
[5.5090, -5.7111, 0.0193]
[5.4308, -5.7074, 0.0057]
[5.3530, -5.7028, -0.0078]
[5.2756, -5.6972, -0.0212]
[5.1986, -5.6906, -0.0346]
[5.1165, -5.6749, -0.0489]
[5.0458, -5.6748, -0.0611]
[4.9755, -5.6739, -0.0733]
[4.9001, -5.6638, -0.0864]
[4.8356, -5.6697, -0.0976]
[4.7662, -5.6663, -0.1096]
[4.6971, -5.6622, -0.1216]
[4.6283, -5.6573, -0.1336]
[4.5599, -5.6516, -0.1455]
[4.4966, -5.6538, -0.1564]
[4.4288, -5.6466, -0.1682]
[4.3614, -5.6386, -0.1799]
[4.2990, -5.6387, -0.1907]
[4.2322, -5.6293, -0.2023]
[4.1748, -5.6369, -0.2123]
[4.1131, -5.6349, -0.2230]
[4.0473, -5.6233, -0.2344]
[3.9862, -5.6201, -0.2450]
[3.9211, -5.6070, -0.2563]
[3.8647, -5.6115, -0.2661]
[3.8044, -5.6063, -0.2766]
[3.7404, -5.5912, -0.2877]
[3.6846, -5.5939, -0.2974]
[3.6252, -5.5867, -0.3077]
[3.5623, -5.5697, -0.3187]
[3.5072, -5.5706, -0.3282]
[3.4451, -5.5522, -0.3390]
[3.3939, -5.5613, -0.3479]
[3.3360, -5.5511, -0.3580]
[3.2816, -5.5497, -0.3674]
[3.2275, -5.5478, -0.3768]
[3.1735, -5.5454, -0.3861]
[3.1167, -5.5329, -0.3960]
[3.0632, -5.5294, -0.4053]
[3.0099, -5.5253, -0.4146]
[2.9568, -5.5207, -0.4238]
[2.9038, -5.5156, -0.4330]
[2.8485, -5.5003, -0.4426]
[2.7987, -5.5038, -0.4512]
[2.7489, -5.5069, -0.4599]
[2.6944, -5.4901, -0.4694]
[2.6495, -5.5116, -0.4771]
[2.5955, -5.4937, -0.4865]
[2.5483, -5.5046, -0.4947]
[2.2682, -4.4102, -0.5447]
[2.2007, -4.2713, -0.5566]
[2.1545, -4.2297, -0.5646]
[2.1092, -4.1876, -0.5726]
[2.0629, -4.1352, -0.5807]
[2.0110, -4.0428, -0.5898]
[1.8769, -3.4166, -0.6139]
[1.8461, -3.4114, -0.6192]
[1.8182, -3.4256, -0.6240]
[1.7888, -3.4297, -0.6291]
[1.7594, -3.4336, -0.6342]
[1.7333, -3.4669, -0.6387]
[1.7099, -3.5300, -0.6427]
[1.6796, -3.5331, -0.6479]
[1.8034, -5.2990, -0.6242]
[1.7548, -5.2630, -0.6327]
[1.7082, -5.2466, -0.6408]
[1.6607, -5.2097, -0.6491]
[1.6149, -5.1924, -0.6570]
[1.5699, -5.1846, -0.6649]
[1.5254, -5.1865, -0.6726]
[1.4806, -5.1779, -0.6804]
[1.4360, -5.1690, -0.6881]
[1.3914, -5.1496, -0.6959]
[1.3472, -5.1499, -0.7035]
[1.3031, -5.1498, -0.7112]
**************************************
[1.3031, -5.1498, -0.7112]
[1.3472, -5.1499, -0.7035]
[1.3914, -5.1496, -0.6959]
[1.4360, -5.1690, -0.6881]
[1.4806, -5.1779, -0.6804]
[1.5254, -5.1865, -0.6726]
[1.5699, -5.1846, -0.6649]
[1.6149, -5.1924, -0.6570]
[1.6607, -5.2097, -0.6491]
[1.7082, -5.2466, -0.6408]
[1.7548, -5.2630, -0.6327]
[1.8034, -5.2990, -0.6242]
[1.6796, -3.5331, -0.6479]
[1.7099, -3.5300, -0.6427]
[1.7333, -3.4669, -0.6387]
[1.7594, -3.4336, -0.6342]
[1.7888, -3.4297, -0.6291]
[1.8182, -3.4256, -0.6240]
[1.8461, -3.4114, -0.6192]
[1.8769, -3.4166, -0.6139]
[2.0110, -4.0428, -0.5898]
[2.0629, -4.1352, -0.5807]
[2.1092, -4.1876, -0.5726]
[2.1545, -4.2297, -0.5646]
[2.2007, -4.2713, -0.5566]
[2.2682, -4.4102, -0.5447]
