[1.3819, 9.3941, -0.7112]
[1.4636, 9.3934, -0.7039]
[1.5451, 9.3819, -0.6966]
[1.6264, 9.3698, -0.6894]
[1.7078, 9.3669, -0.6821]
[1.4347, 1.9519, -0.7036]
[1.8673, 9.2992, -0.6679]
[1.9045, 8.6257, -0.6643]
[1.4835, 1.9189, -0.6992]
[1.8508, 6.1530, -0.6681]
[1.9024, 6.1283, -0.6635]
[1.9557, 6.1232, -0.6587]
[2.0090, 6.1176, -0.6540]
[2.0587, 6.0817, -0.6495]
[2.1166, 6.1149, -0.6444]
[2.1698, 6.1078, -0.6396]
[2.2229, 6.1003, -0.6349]
[1.7001, 2.3366, -0.6801]
[1.7157, 2.3037, -0.6787]
[1.7290, 2.2610, -0.6775]
[1.6317, 1.6080, -0.6859]
[1.6383, 1.5661, -0.6853]
[1.6519, 1.5634, -0.6841]
[1.6655, 1.5606, -0.6829]
[1.6538, 1.4405, -0.6839]
[1.6597, 1.4084, -0.6833]
[1.6766, 1.4250, -0.6818]
[1.7151, 1.5289, -0.6784]
[21.4241, 79.3844, 1.0495]
[22.1134, 79.2055, 1.1111]
[1.7340, 1.4414, -0.6767]
[23.4872, 78.8295, 1.2337]
[24.1716, 78.6325, 1.2949]
[1.7945, 1.5071, -0.6713]
[1.8077, 1.5031, -0.6702]
[1.8147, 1.4799, -0.6695]
[1.7964, 1.3807, -0.6711]
[1.8116, 1.3862, -0.6698]
[1.8467, 1.4481, -0.6667]
[1.8661, 1.4624, -0.6649]
[1.8788, 1.4578, -0.6638]
[1.9162, 1.5185, -0.6605]
[1.9872, 1.6625, -0.6542]
[1.9242, 1.4617, -0.6597]
[1.9369, 1.4565, -0.6586]
[1.9496, 1.4513, -0.6575]
[1.9662, 1.4551, -0.6560]
[1.9788, 1.4495, -0.6549]
[1.9955, 1.4530, -0.6534]
[2.0124, 1.4563, -0.6519]
[2.0336, 1.4684, -0.6500]
[2.0896, 1.5524, -0.6450]
[2.1163, 1.5727, -0.6426]
[2.1480, 1.6015, -0.6398]
[2.1665, 1.6033, -0.6382]
[2.1943, 1.6226, -0.6357]
[39.9577, 72.1490, 2.7056]
[2.1746, 1.5197, -0.6374]
[2.2414, 1.6083, -0.6315]
[2.2603, 1.6090, -0.6298]
[2.2843, 1.6182, -0.6277]
[2.3035, 1.6185, -0.6260]
[2.3124, 1.6014, -0.6252]
[2.3316, 1.6014, -0.6235]
[2.3402, 1.5842, -0.6227]
[6.0882, 7.4039, -0.2906]
[6.1251, 7.3202, -0.2873]
[6.2218, 7.3279, -0.2787]
[6.2965, 7.3014, -0.2720]
[6.4053, 7.3234, -0.2623]
[6.4918, 7.3114, -0.2546]
[6.6134, 7.3472, -0.2437]
[6.6771, 7.3007, -0.2380]
[6.7285, 7.2377, -0.2334]
[6.7792, 7.1743, -0.2289]
[6.7011, 6.9445, -0.2357]
[6.6935, 6.8109, -0.2364]
[6.6902, 6.6857, -0.2366]
[3.0804, 2.1315, -0.5569]
[3.0607, 2.0701, -0.5586]
[2.7182, 1.6275, -0.5890]
[2.6934, 1.5699, -0.5912]
[2.7530, 1.6107, -0.5859]
[2.7471, 1.5758, -0.5864]
[2.7809, 1.5857, -0.5834]
[3.1733, 1.9842, -0.5485]
[3.2587, 2.0409, -0.5409]
[3.0974, 1.8362, -0.5552]
[2.9396, 1.6417, -0.5692]
[3.0660, 1.7413, -0.5580]
[3.0246, 1.6698, -0.5617]
[3.0747, 1.6898, -0.5572]
[2.8376, 1.4326, -0.5783]
[2.8428, 1.4125, -0.5778]
[3.0086, 1.5419, -0.5630]
[3.0146, 1.5205, -0.5625]
[3.0427, 1.5191, -0.5600]
[3.2057, 1.6360, -0.5455]
[3.2425, 1.6392, -0.5422]
[3.2795, 1.6418, -0.5389]
[3.2555, 1.5928, -0.5410]
[3.2539, 1.5633, -0.5412]
[2.9956, 1.3274, -0.5641]
[3.0306, 1.3315, -0.5610]
[3.4517, 1.6350, -0.5236]
[3.3390, 1.5196, -0.5336]
[3.3043, 1.4661, -0.5366]
[3.2447, 1.3956, -0.5419]
[3.2649, 1.3847, -0.5401]
[3.3013, 1.3851, -0.5369]
[3.3133, 1.3679, -0.5358]
[3.3170, 1.3450, -0.5355]
[3.3121, 1.3165, -0.5359]
[3.2985, 1.2827, -0.5371]
[3.3012, 1.2601, -0.5368]
[3.3374, 1.2589, -0.5336]
[3.4500, 1.3045, -0.5236]
[3.4358, 1.2704, -0.5248]
[3.4468, 1.2520, -0.5238]
[3.4748, 1.2436, -0.5213]
[6.3739, 2.8823, -0.2634]
[6.3728, 2.8234, -0.2634]
[6.3710, 2.7648, -0.2636]
[6.3685, 2.7064, -0.2638]
[6.3567, 2.6437, -0.2648]
[6.3618, 2.5905, -0.2643]
[6.3575, 2.5329, -0.2647]
[6.3615, 2.4800, -0.2643]
[6.3470, 2.4185, -0.2656]
[6.3499, 2.3660, -0.2653]
[6.3432, 2.3095, -0.2659]
[6.3359, 2.2533, -0.2665]
[6.3371, 2.2014, -0.2664]
[6.3378, 2.1496, -0.2663]
[6.3379, 2.0980, -0.2663]
[6.3284, 2.0428, -0.2671]
[6.3367, 1.9953, -0.2663]
[6.3261, 1.9406, -0.2673]
[6.3335, 1.8933, -0.2666]
[6.3218, 1.8391, -0.2676]
[6.3189, 1.7886, -0.2678]
[6.3249, 1.7417, -0.2673]
[6.3210, 1.6915, -0.2676]
[6.3167, 1.6415, -0.2680]
[6.3118, 1.5918, -0.2684]
[6.2970, 1.5393, -0.2697]
[6.3007, 1.4929, -0.2694]
[6.2848, 1.4410, -0.2707]
[6.2972, 1.3977, -0.2696]
[6.2804, 1.3463, -0.2711]
[6.2823, 1.3004, -0.2709]
[6.2838, 1.2546, -0.2708]
[6.2849, 1.2089, -0.2706]
[6.2759, 1.1609, -0.2714]
[6.2470, 1.1088, -0.2740]
[6.2468, 1.0637, -0.2740]
[6.2461, 1.0186, -0.2740]
[6.2451, 0.9737, -0.2741]
[6.2338, 0.9269, -0.2751]
[6.2417, 0.8840, -0.2744]
[6.2395, 0.8394, -0.2746]
[6.2368, 0.7948, -0.2748]
[6.2337, 0.7504, -0.2750]
[6.2302, 0.7060, -0.2753]
[6.2264, 0.6618, -0.2757]
[6.2320, 0.6190, -0.2751]
[6.2175, 0.5738, -0.2764]
[6.2124, 0.5299, -0.2769]
[6.2169, 0.4872, -0.2764]
[6.2111, 0.4436, -0.2769]
[6.2048, 0.4001, -0.2775]
[6.2082, 0.3574, -0.2772]
[6.1913, 0.3135, -0.2787]
[6.2038, 0.2715, -0.2775]
[6.1961, 0.2284, -0.2782]
[6.1979, 0.1859, -0.2780]
[6.1994, 0.1433, -0.2779]
[6.2005, 0.1008, -0.2777]
[6.1814, 0.0579, -0.2794]
[6.1817, 0.0155, -0.2794]
[6.1917, -0.0269, -0.2785]
[6.2013, -0.0696, -0.2776]
[6.3200, -0.1148, -0.2670]
[6.4384, -0.1620, -0.2564]
[6.5065, -0.2094, -0.2503]
[6.5741, -0.2580, -0.2443]
[6.5817, -0.3045, -0.2436]
[6.5789, -0.3504, -0.2438]
[6.5459, -0.3940, -0.2467]
[6.5423, -0.4396, -0.2470]
[6.5284, -0.4842, -0.2483]
[6.5340, -0.5307, -0.2478]
[6.5292, -0.5761, -0.2482]
[6.5340, -0.6228, -0.2477]
[6.5284, -0.6682, -0.2482]
[6.5323, -0.7150, -0.2478]
[6.5260, -0.7605, -0.2484]
[6.5192, -0.8059, -0.2490]
[6.5219, -0.8528, -0.2487]
[6.5143, -0.8982, -0.2494]
[6.5064, -0.9434, -0.2501]
[6.5078, -0.9905, -0.2499]
[6.4990, -1.0358, -0.2507]
[6.4996, -1.0830, -0.2506]
[6.4998, -1.1302, -0.2506]
[6.4996, -1.1776, -0.2506]
[6.4989, -1.2250, -0.2506]
[6.4978, -1.2726, -0.2507]
[6.4962, -1.3201, -0.2508]
[6.4942, -1.3678, -0.2510]
[6.4437, -1.4024, -0.2555]
[6.4122, -1.4416, -0.2583]
[6.4187, -1.4916, -0.2577]
[6.3007, -1.5043, -0.2682]
[6.1828, -1.5151, -0.2787]
[6.1695, -1.5575, -0.2799]
[6.1747, -1.6060, -0.2794]
[6.1701, -1.6515, -0.2798]
[6.1650, -1.6970, -0.2802]
[6.1689, -1.7460, -0.2799]
[6.1536, -1.7882, -0.2812]
[6.1565, -1.8374, -0.2809]
[6.1497, -1.8831, -0.2815]
[6.1424, -1.9289, -0.2821]
[6.1440, -1.9785, -0.2820]
[6.1450, -2.0282, -0.2819]
[6.1364, -2.0742, -0.2826]
[6.1365, -2.1241, -0.2826]
[6.1360, -2.1743, -0.2826]
[6.1261, -2.2204, -0.2835]
[6.1246, -2.2708, -0.2836]
[6.1227, -2.3213, -0.2837]
[6.1203, -2.3719, -0.2839]
[6.1173, -2.4227, -0.2842]
[6.1050, -2.4691, -0.2853]
[6.1098, -2.5247, -0.2848]
[6.1053, -2.5758, -0.2852]
[6.1002, -2.6271, -0.2856]
[6.1033, -2.6833, -0.2853]
[6.0885, -2.7299, -0.2866]
[6.0905, -2.7865, -0.2864]
[6.0833, -2.8383, -0.2871]
[6.0840, -2.8953, -0.2870]
[6.0756, -2.9472, -0.2877]
[5.8898, -2.8872, -0.3043]
[5.7473, -2.8512, -0.3170]
[5.7058, -2.8788, -0.3207]
[5.7220, -2.9447, -0.3192]
[5.7128, -2.9942, -0.3201]
[5.5803, -2.9583, -0.3319]
[5.4812, -2.9434, -0.3407]
[5.4475, -2.9737, -0.3437]
[5.4376, -3.0214, -0.3446]
[5.4192, -3.0632, -0.3462]
[5.4400, -3.1351, -0.3443]
[5.7513, -3.4341, -0.3164]
[5.7057, -3.4603, -0.3205]
[5.5823, -3.4233, -0.3315]
[5.5910, -3.4919, -0.3307]
[5.5529, -3.5226, -0.3341]
[5.5982, -3.6240, -0.3300]
[5.5515, -3.6481, -0.3342]
[5.5945, -3.7508, -0.3303]
[5.6436, -3.8612, -0.3259]
[5.9859, -4.2416, -0.2952]
[5.9782, -4.3093, -0.2959]
[5.9696, -4.3772, -0.2966]
[6.0034, -4.4867, -0.2936]
[6.0142, -4.5762, -0.2926]
[6.0167, -4.6592, -0.2923]
[6.0743, -4.7994, -0.2871]
[58.2706, -58.6765, 4.3900]
[57.7585, -59.1730, 4.3445]
[57.2420, -59.6651, 4.2986]
[56.7213, -60.1526, 4.2523]
[56.1964, -60.6355, 4.2057]
[55.6673, -61.1138, 4.1587]
[5.8659, -5.1859, -0.3055]
[5.8467, -5.2556, -0.3072]
[5.9039, -5.4170, -0.3021]
[5.0733, -4.5111, -0.3765]
[4.9961, -4.4972, -0.3834]
[4.9320, -4.4979, -0.3891]
[4.8928, -4.5292, -0.3926]
[4.8595, -4.5680, -0.3956]
[4.8498, -4.6385, -0.3964]
[4.8512, -4.7251, -0.3962]
[5.4402, -5.6186, -0.3434]
[5.2865, -5.5082, -0.3571]
[5.2155, -5.5099, -0.3634]
[5.1278, -5.4861, -0.3713]
[5.0352, -5.4530, -0.3795]
[4.9877, -5.4851, -0.3838]
[5.0273, -5.6507, -0.3802]
[4.8111, -5.4220, -0.3996]
[4.7532, -5.4353, -0.4047]
[4.6849, -5.4310, -0.4108]
[4.6376, -5.4601, -0.4150]
[4.5646, -5.4458, -0.4215]
[4.5473, -5.5257, -0.4230]
[4.4844, -5.5275, -0.4286]
[4.4120, -5.5112, -0.4351]
[4.2825, -5.3889, -0.4467]
[4.2309, -5.4056, -0.4513]
[4.1746, -5.4130, -0.4563]
[4.1457, -5.4732, -0.4589]
[4.0488, -5.3994, -0.4676]
[4.0238, -5.4677, -0.4698]
[3.9157, -5.3649, -0.4794]
[3.7373, -5.1069, -0.4955]
[3.7929, -5.3456, -0.4904]
[3.7423, -5.3578, -0.4949]
[3.6717, -5.3237, -0.5012]
[3.6214, -5.3348, -0.5057]
[3.5673, -5.3361, -0.5105]
[3.5284, -5.3739, -0.5140]
[3.4595, -5.3371, -0.5201]
[3.4131, -5.3555, -0.5243]
[3.3489, -5.3267, -0.5300]
[3.2957, -5.3253, -0.5348]
[3.2393, -5.3140, -0.5398]
[3.1898, -5.3210, -0.5442]
[3.1243, -5.2802, -0.5501]
[3.1158, -5.4096, -0.5508]
[3.0748, -5.4440, -0.5544]
[3.0305, -5.4685, -0.5584]
[2.9542, -5.3873, -0.5652]
[2.8628, -5.2477, -0.5734]
[2.8172, -5.2608, -0.5775]
[2.7714, -5.2735, -0.5816]
[2.7180, -5.2569, -0.5863]
[2.6674, -5.2493, -0.5908]
[2.6194, -5.2510, -0.5951]
[2.5715, -5.2523, -0.5994]
[2.3192, -4.3461, -0.6223]
[2.2624, -4.2665, -0.6274]
[2.2152, -4.2255, -0.6316]
[2.1688, -4.1840, -0.6357]
[2.1194, -4.1223, -0.6402]
[2.0676, -4.0404, -0.6448]
[1.9432, -3.5243, -0.6561]
[1.9061, -3.4899, -0.6594]
[1.8637, -3.4157, -0.6632]
[1.8355, -3.4300, -0.6658]
[1.8030, -3.4144, -0.6687]
[1.7746, -3.4282, -0.6712]
[1.7449, -3.4319, -0.6738]
[1.7248, -3.5248, -0.6756]
[1.6872, -3.4584, -0.6790]
[1.6581, -3.4712, -0.6816]
[1.6280, -3.4739, -0.6843]
[1.5986, -3.4862, -0.6869]
[1.5690, -3.4983, -0.6895]
[1.5397, -3.5202, -0.6921]
[1.5097, -3.5318, -0.6948]
[1.4794, -3.5431, -0.6975]
[1.4489, -3.5542, -0.7002]
[1.4181, -3.5550, -0.7029]
[1.3874, -3.5655, -0.7057]
[1.3565, -3.5858, -0.7084]
[1.3254, -3.5958, -0.7112]
[1.3254, -3.5958, -0.7112]
[1.3565, -3.5858, -0.7084]
[1.3874, -3.5655, -0.7057]
[1.4181, -3.5550, -0.7029]
[1.4489, -3.5542, -0.7002]
[1.4794, -3.5431, -0.6975]
[1.5097, -3.5318, -0.6948]
[1.5397, -3.5202, -0.6921]
[1.5690, -3.4983, -0.6895]
[1.5986, -3.4862, -0.6869]
[1.6280, -3.4739, -0.6843]
[1.6581, -3.4712, -0.6816]
[1.6872, -3.4584, -0.6790]
[1.7248, -3.5248, -0.6756]
[1.7449, -3.4319, -0.6738]
[1.7746, -3.4282, -0.6712]
[1.8030, -3.4144, -0.6687]
[1.8355, -3.4300, -0.6658]
[1.8637, -3.4157, -0.6632]
[1.9061, -3.4899, -0.6594]
[1.9432, -3.5243, -0.6561]
[2.0676, -4.0404, -0.6448]
[2.1194, -4.1223, -0.6402]
[2.1688, -4.1840, -0.6357]
[2.2152, -4.2255, -0.6316]
[2.2624, -4.2665, -0.6274]
[2.3192, -4.3461, -0.6223]
[2.5715, -5.2523, -0.5994]
[2.6194, -5.2510, -0.5951]
[2.6674, -5.2493, -0.5908]
[2.7180, -5.2569, -0.5863]
[2.7714, -5.2735, -0.5816]
[2.8172, -5.2608, -0.5775]
[2.8628, -5.2477, -0.5734]
[2.9542, -5.3873, -0.5652]
[3.0305, -5.4685, -0.5584]
[3.0748, -5.4440, -0.5544]
[3.1158, -5.4096, -0.5508]
[3.1243, -5.2802, -0.5501]
[3.1898, -5.3210, -0.5442]
[3.2393, -5.3140, -0.5398]
[3.2957, -5.3253, -0.5348]
[3.3489, -5.3267, -0.5300]
[3.4131, -5.3555, -0.5243]
[3.4595, -5.3371, -0.5201]
[3.5284, -5.3739, -0.5140]
[3.5673, -5.3361, -0.5105]
[3.6214, -5.3348, -0.5057]
[3.6717, -5.3237, -0.5012]
