Data from laser

[1.3594, 9.4074, -0.7112]
[1.4409, 9.4068, -0.7019]
[1.5225, 9.4056, -0.6926]
[1.6044, 9.4137, -0.6833]
[1.6856, 9.4010, -0.6740]
[1.4293, 1.9454, -0.7016]
[1.8486, 9.3935, -0.6554]
[1.8831, 8.6402, -0.6513]
[1.4714, 1.8227, -0.6967]
[1.8372, 6.1873, -0.6560]
[1.8899, 6.1727, -0.6500]
[1.9376, 6.1080, -0.6445]
[1.9906, 6.1025, -0.6385]
[2.0423, 6.0866, -0.6326]
[2.0951, 6.0802, -0.6266]
[2.1505, 6.0932, -0.6203]
[2.2061, 6.1057, -0.6139]
[1.6936, 2.3407, -0.6715]
[1.7155, 2.3474, -0.6690]
[1.7193, 2.2454, -0.6686]
[1.6288, 1.6218, -0.6787]
[1.6319, 1.5602, -0.6784]
[1.6474, 1.5674, -0.6766]
[1.6590, 1.5548, -0.6753]
[1.6641, 1.5129, -0.6747]
[1.6556, 1.4124, -0.6757]
[1.6746, 1.4388, -0.6735]
[1.7105, 1.5330, -0.6694]
[21.1843, 79.4358, 1.5333]
[21.8723, 79.2585, 1.6118]
[1.7296, 1.4455, -0.6672]
[1.7207, 1.3650, -0.6682]
[23.9267, 78.6904, 1.8462]
[1.7813, 1.4827, -0.6613]
[1.7971, 1.4883, -0.6595]
[1.8040, 1.4652, -0.6587]
[1.7981, 1.4041, -0.6594]
[1.8103, 1.4000, -0.6580]
[1.8290, 1.4147, -0.6559]
[1.8412, 1.4104, -0.6545]
[3.3465, 5.5095, -0.4838]
[2.1490, 2.1595, -0.6196]
[2.1892, 2.2083, -0.6150]
[2.2120, 2.2101, -0.6124]
[3.5551, 5.4820, -0.4600]
[3.5491, 5.3331, -0.4607]
[3.6148, 5.3595, -0.4532]
[3.6492, 5.3118, -0.4492]
[2.3192, 2.1971, -0.6002]
[2.3051, 2.1157, -0.6018]
[2.3530, 2.1706, -0.5963]
[2.1141, 1.6205, -0.6234]
[2.1238, 1.6047, -0.6223]
[2.1377, 1.5978, -0.6207]
[2.1606, 1.6085, -0.6181]
[2.4416, 2.1152, -0.5862]
[2.0667, 1.3645, -0.6288]
[2.3830, 1.9200, -0.5928]
[2.4335, 1.9719, -0.5871]
[2.4211, 1.9101, -0.5885]
[2.4426, 1.9092, -0.5860]
[2.4288, 1.8478, -0.5876]
[2.3729, 1.7183, -0.5939]
[2.3618, 1.6666, -0.5952]
[2.3234, 1.5728, -0.5996]
[2.3852, 1.6400, -0.5925]
[45.7992, 68.6063, 4.3419]
[46.3924, 68.2132, 4.4096]
[2.2994, 1.4215, -0.6023]
[2.3174, 1.4212, -0.6002]
[2.3297, 1.4126, -0.5988]
[2.3477, 1.4120, -0.5967]
[2.3658, 1.4112, -0.5947]
[2.3898, 1.4182, -0.5919]
[2.4021, 1.4089, -0.5905]
[2.4204, 1.4074, -0.5885]
[2.4448, 1.4137, -0.5857]
[2.4571, 1.4039, -0.5843]
[2.4817, 1.4096, -0.5815]
[2.4939, 1.3995, -0.5801]
[2.5445, 1.4352, -0.5743]
[54.3163, 62.1790, 5.3144]
[54.8535, 61.7114, 5.3757]
[55.3865, 61.2390, 5.4366]
[55.9154, 60.7620, 5.4970]
[56.4402, 60.2804, 5.5569]
[56.9607, 59.7942, 5.6164]
[57.4771, 59.3034, 5.6753]
[2.7173, 1.4262, -0.5546]
[2.7296, 1.4140, -0.5532]
[2.7489, 1.4089, -0.5510]
[2.7824, 1.4174, -0.5472]
[59.9938, 56.7825, 5.9628]
[60.4839, 56.2652, 6.0188]
[60.9695, 55.7436, 6.0743]
[61.4506, 55.2178, 6.1292]
[61.9271, 54.6878, 6.1837]
[3.3537, 1.7825, -0.4821]
[3.3465, 1.7452, -0.4830]
[3.2178, 1.6044, -0.4976]
[3.3384, 1.6776, -0.4839]
[3.1379, 1.4823, -0.5067]
[3.2667, 1.5606, -0.4920]
[3.2490, 1.5188, -0.4940]
[3.2857, 1.5204, -0.4898]
[3.3225, 1.5215, -0.4856]
[3.3277, 1.4980, -0.4850]
[3.3086, 1.4568, -0.4872]
[3.2970, 1.4219, -0.4885]
[3.3174, 1.4104, -0.4862]
[3.3214, 1.3873, -0.4857]
[3.3170, 1.3586, -0.4862]
[3.3122, 1.3300, -0.4868]
[3.3071, 1.3016, -0.4873]
[3.3017, 1.2735, -0.4880]
[3.3127, 1.2562, -0.4867]
[3.3657, 1.2652, -0.4807]
[3.3936, 1.2578, -0.4775]
[3.4812, 1.2860, -0.4675]
[3.4151, 1.2216, -0.4750]
[6.3717, 2.9076, -0.1383]
[6.3881, 2.8584, -0.1364]
[6.3866, 2.7994, -0.1366]
[6.3758, 2.7360, -0.1378]
[6.3730, 2.6776, -0.1381]
[6.3607, 2.6149, -0.1395]
[6.3566, 2.5572, -0.1400]
[6.3519, 2.4997, -0.1405]
[6.3556, 2.4469, -0.1401]
[6.3497, 2.3899, -0.1407]
[6.3612, 2.3416, -0.1394]
[6.3452, 2.2809, -0.1412]
[6.3466, 2.2287, -0.1410]
[6.3475, 2.1768, -0.1409]
[6.3388, 2.1210, -0.1419]
[6.3386, 2.0694, -0.1419]
[6.3379, 2.0180, -0.1420]
[6.3368, 1.9667, -0.1421]
[6.3258, 1.9121, -0.1433]
[6.3329, 1.8648, -0.1425]
[6.3209, 1.8106, -0.1439]
[6.3177, 1.7602, -0.1442]
[6.3140, 1.7099, -0.1446]
[6.3192, 1.6630, -0.1440]
[6.3145, 1.6131, -0.1446]
[6.3189, 1.5664, -0.1441]
[6.3037, 1.5139, -0.1458]
[6.3072, 1.4674, -0.1454]
[6.3006, 1.4183, -0.1461]
[6.3032, 1.3720, -0.1458]
[6.3053, 1.3258, -0.1455]
[6.2878, 1.2747, -0.1475]
[6.2986, 1.2312, -0.1463]
[6.2898, 1.1830, -0.1473]
[6.2805, 1.1350, -0.1483]
[6.2805, 1.0894, -0.1483]
[6.2801, 1.0439, -0.1484]
[6.2597, 0.9946, -0.1507]
[6.2584, 0.9495, -0.1508]
[6.2469, 0.9026, -0.1521]
[6.2546, 0.8595, -0.1512]
[6.2521, 0.8147, -0.1515]
[6.2492, 0.7700, -0.1518]
[6.2459, 0.7254, -0.1522]
[6.2421, 0.6809, -0.1526]
[6.2282, 0.6353, -0.1542]
[6.2335, 0.5923, -0.1536]
[6.2286, 0.5482, -0.1541]
[6.2332, 0.5053, -0.1536]
[6.2275, 0.4613, -0.1542]
[6.2215, 0.4175, -0.1549]
[6.2150, 0.3739, -0.1556]
[6.2181, 0.3311, -0.1553]
[6.2208, 0.2882, -0.1550]
[6.2231, 0.2454, -0.1547]
[6.2152, 0.2020, -0.1556]
[6.2168, 0.1592, -0.1554]
[6.2180, 0.1164, -0.1552]
[6.2089, 0.0734, -0.1563]
[6.2094, 0.0306, -0.1562]
[6.2095, -0.0121, -0.1562]
[6.1496, -0.0542, -0.1630]
[6.2185, -0.0978, -0.1551]
[6.4558, -0.1474, -0.1281]
[6.5338, -0.1953, -0.1192]
[6.5716, -0.2427, -0.1148]
[6.5892, -0.2897, -0.1128]
[6.5865, -0.3358, -0.1131]
[6.5834, -0.3819, -0.1135]
[6.5700, -0.4271, -0.1150]
[6.5167, -0.4685, -0.1211]
[6.5520, -0.5179, -0.1170]
[6.5671, -0.5658, -0.1153]
[6.5620, -0.6116, -0.1159]
[6.5664, -0.6587, -0.1153]
[6.5506, -0.7033, -0.1171]
[6.5444, -0.7490, -0.1178]
[6.5475, -0.7962, -0.1175]
[6.5502, -0.8434, -0.1171]
[6.5427, -0.8892, -0.1180]
[6.5446, -0.9366, -0.1178]
[6.5363, -0.9822, -0.1187]
[6.5277, -1.0278, -0.1197]
[6.5283, -1.0754, -0.1196]
[6.5285, -1.1230, -0.1196]
[6.5186, -1.1685, -0.1207]
[6.5180, -1.2162, -0.1207]
[6.5266, -1.2663, -0.1197]
[6.5347, -1.3167, -0.1188]
[6.5327, -1.3648, -0.1190]
[6.4823, -1.3999, -0.1248]
[6.4604, -1.4423, -0.1272]
[6.4478, -1.4872, -0.1287]
[6.3300, -1.5006, -0.1421]
[6.2218, -1.5149, -0.1544]
[6.2085, -1.5577, -0.1559]
[6.2043, -1.6035, -0.1564]
[6.2091, -1.6526, -0.1559]
[6.2040, -1.6985, -0.1564]
[6.1891, -1.7412, -0.1581]
[6.1925, -1.7906, -0.1577]
[6.1861, -1.8367, -0.1584]
[6.1885, -1.8863, -0.1581]
[6.1813, -1.9325, -0.1590]
[6.1735, -1.9787, -0.1598]
[6.1654, -2.0249, -0.1608]
[6.1659, -2.0751, -0.1607]
[6.1660, -2.1254, -0.1607]
[6.1565, -2.1718, -0.1617]
[6.1556, -2.2223, -0.1618]
[6.1541, -2.2730, -0.1620]
[6.1522, -2.3239, -0.1622]
[6.1497, -2.3748, -0.1625]
[6.1378, -2.4214, -0.1638]
[6.1432, -2.4772, -0.1632]
[6.1392, -2.5285, -0.1636]
[6.1346, -2.5800, -0.1641]
[6.1383, -2.6364, -0.1637]
[6.1239, -2.6833, -0.1653]
[6.1178, -2.7350, -0.1660]
[6.1197, -2.7919, -0.1658]
[6.1210, -2.8491, -0.1656]
[6.1131, -2.9013, -0.1665]
[6.1047, -2.9536, -0.1675]
[6.0874, -3.0006, -0.1694]
[6.1030, -3.0691, -0.1676]
[6.1012, -3.1272, -0.1678]
[6.0491, -3.1523, -0.1738]
[5.9065, -3.1150, -0.1900]
[5.6667, -3.0074, -0.2174]
[5.5430, -2.9762, -0.2315]
[5.4928, -2.9955, -0.2372]
[5.4827, -3.0437, -0.2384]
[5.4642, -3.0859, -0.2405]
[5.5878, -3.2366, -0.2263]
[5.6305, -3.3287, -0.2214]
[5.5858, -3.3539, -0.2265]
[5.5877, -3.4161, -0.2263]
[5.5810, -3.4722, -0.2270]
[5.5661, -3.5220, -0.2287]
[5.5582, -3.5783, -0.2296]
[5.5497, -3.6348, -0.2306]
[5.5629, -3.7110, -0.2291]
[5.9689, -4.1398, -0.1827]
[6.0213, -4.2607, -0.1767]
[6.0061, -4.3220, -0.1784]
[6.0048, -4.3970, -0.1785]
[6.1823, -4.6447, -0.1582]
[6.1847, -4.7288, -0.1580]
[6.1718, -4.7993, -0.1594]
[6.1721, -4.8840, -0.1594]
[6.1713, -4.9691, -0.1594]
[6.1625, -5.0474, -0.1604]
[6.1595, -5.1332, -0.1607]
[6.1419, -5.2046, -0.1627]
[6.1368, -5.2909, -0.1633]
[6.1306, -5.3775, -0.1640]
[6.1232, -5.4644, -0.1648]
[6.1212, -5.5591, -0.1650]
[6.0986, -5.6313, -0.1676]
[6.0814, -5.7112, -0.1695]
[5.9813, -5.6908, -0.1809]
[5.8944, -5.6847, -0.1908]
[5.0984, -4.7760, -0.2818]
[5.7220, -5.6691, -0.2105]
[5.6546, -5.6835, -0.2182]
[5.5753, -5.6812, -0.2272]
[5.4906, -5.6699, -0.2369]
[5.4180, -5.6737, -0.2452]
[5.3399, -5.6685, -0.2541]
[5.2565, -5.6542, -0.2636]
[5.1793, -5.6471, -0.2724]
[5.1025, -5.6391, -0.2811]
[5.0316, -5.6386, -0.2892]
[4.9556, -5.6288, -0.2979]
[4.8907, -5.6350, -0.3053]
[4.8260, -5.6405, -0.3126]
[4.7563, -5.6367, -0.3206]
[4.6818, -5.6236, -0.3291]
[4.6129, -5.6182, -0.3369]
[4.5492, -5.6207, -0.3442]
[4.4809, -5.6138, -0.3520]
[4.4129, -5.6062, -0.3597]
[4.3500, -5.6066, -0.3669]
[4.2874, -5.6063, -0.3741]
[4.2204, -5.5964, -0.3817]
[4.1583, -5.5947, -0.3888]
[4.0965, -5.5924, -0.3958]
[4.0349, -5.5894, -0.4028]
[3.9735, -5.5857, -0.4098]
[3.9125, -5.5814, -0.4168]
[3.8476, -5.5674, -0.4242]
[3.7952, -5.5800, -0.4302]
[3.7310, -5.5647, -0.4375]
[3.6711, -5.5578, -0.4443]
[3.6115, -5.5503, -0.4511]
[3.5522, -5.5422, -0.4579]
[3.4932, -5.5335, -0.4646]
[3.4346, -5.5242, -0.4713]
[3.3831, -5.5330, -0.4772]
[3.3250, -5.5225, -0.4838]
[3.2704, -5.5208, -0.4900]
[3.2161, -5.5187, -0.4962]
[3.1588, -5.5065, -0.5027]
[3.1049, -5.5032, -0.5089]
[3.0542, -5.5089, -0.5147]
[2.9977, -5.4950, -0.5211]
[2.9444, -5.4902, -0.5272]
[2.8913, -5.4848, -0.5332]
[2.8411, -5.4886, -0.5390]
[2.7858, -5.4726, -0.5453]
[2.7383, -5.4851, -0.5507]
[2.6884, -5.4874, -0.5564]
[2.6362, -5.4796, -0.5623]
[2.5842, -5.4713, -0.5683]
[2.2916, -4.3588, -0.6019]
[2.2313, -4.2593, -0.6088]
[2.1826, -4.2081, -0.6143]
[2.1386, -4.1761, -0.6193]
[2.0916, -4.1239, -0.6247]
[2.0337, -4.0023, -0.6313]
[1.9001, -3.4064, -0.6467]
[1.8706, -3.4112, -0.6501]
[1.8424, -3.4256, -0.6533]
[1.8114, -3.4200, -0.6568]
[1.7817, -3.4240, -0.6602]
[1.7556, -3.4575, -0.6632]
[1.7323, -3.5206, -0.6658]
[1.7018, -3.5239, -0.6693]
[1.8326, -5.2493, -0.6540]
[1.7846, -5.2236, -0.6595]
[1.7378, -5.2073, -0.6648]
[1.6906, -5.1807, -0.6702]
[1.6457, -5.1835, -0.6753]
[1.6003, -5.1760, -0.6805]
[1.5546, -5.1581, -0.6857]
[1.5099, -5.1598, -0.6908]
[1.4651, -5.1611, -0.6959]
[1.4203, -5.1520, -0.7010]
[1.3755, -5.1425, -0.7061]
[1.3339, -3.6226, -0.7112]
**************************************
[1.3339, -3.6226, -0.7112]
[1.3755, -5.1425, -0.7061]
[1.4203, -5.1520, -0.7010]
[1.4651, -5.1611, -0.6959]
[1.5099, -5.1598, -0.6908]
[1.5546, -5.1581, -0.6857]
[1.6003, -5.1760, -0.6805]
[1.6457, -5.1835, -0.6753]
[1.6906, -5.1807, -0.6702]
[1.7378, -5.2073, -0.6648]
[1.7846, -5.2236, -0.6595]
[1.8326, -5.2493, -0.6540]
[1.7018, -3.5239, -0.6693]
[1.7323, -3.5206, -0.6658]
[1.7556, -3.4575, -0.6632]
[1.7817, -3.4240, -0.6602]
[1.8114, -3.4200, -0.6568]
[1.8424, -3.4256, -0.6533]
[1.8706, -3.4112, -0.6501]
[1.9001, -3.4064, -0.6467]
[2.0337, -4.0023, -0.6313]
[2.0916, -4.1239, -0.6247]
[2.1386, -4.1761, -0.6193]
[2.1826, -4.2081, -0.6143]
[2.2313, -4.2593, -0.6088]
[2.2916, -4.3588, -0.6019]
[2.5842, -5.4713, -0.5683]
[2.6362, -5.4796, -0.5623]
[2.6884, -5.4874, -0.5564]
[2.7383, -5.4851, -0.5507]
[2.7858, -5.4726, -0.5453]
[2.8411, -5.4886, -0.5390]
[2.8913, -5.4848, -0.5332]
[2.9444, -5.4902, -0.5272]
[2.9977, -5.4950, -0.5211]
[3.0542, -5.5089, -0.5147]
[3.1049, -5.5032, -0.5089]
[3.1588, -5.5065, -0.5027]
